/*--------------------------------*- C++ -*----------------------------------*\
| =========                 |                                                 |
| \\      /  F ield         | OpenFOAM: The Open Source CFD Toolbox           |
|  \\    /   O peration     | Version:  2206                                  |
|   \\  /    A nd           | Website:  www.openfoam.com                      |
|    \\/     M anipulation  |                                                 |
\*---------------------------------------------------------------------------*/
FoamFile
{
    version     2.0;
    format      ascii;
    arch        "LSB;label=32;scalar=64";
    class       volVectorField;
    location    "44";
    object      U;
}
// * * * * * * * * * * * * * * * * * * * * * * * * * * * * * * * * * * * * * //

dimensions      [0 1 -1 0 0 0 0];

internalField   nonuniform List<vector> 
1750
(
(0.187957 -0.00591545 0)
(0.182788 -0.0065916 -1.1027e-17)
(0.177828 -0.00695628 4.07144e-24)
(0.17374 -0.00675377 -3.2033e-24)
(0.17101 -0.00602555 -8.72691e-17)
(0.169588 -0.00495075 2.64751e-17)
(0.16933 -0.00364665 7.43578e-24)
(0.170172 -0.00218359 3.23987e-17)
(0.171949 -0.000686683 0)
(0.174178 0.00077862 0)
(0.17699 0.00235978 0)
(0.180771 0.0039623 0)
(0.184964 0.00528084 0)
(0.18898 0.00621271 4.3376e-17)
(0.192847 0.00681488 0)
(0.196855 0.00711295 0)
(0.199879 0.00688818 -1.52997e-17)
(0.202072 0.00614616 0)
(0.20337 0.00502056 4.50056e-25)
(0.203687 0.00357892 -4.46722e-25)
(0.202964 0.00195619 0)
(0.201393 0.00034478 0)
(0.19944 -0.00124559 0)
(0.196273 -0.00297456 0)
(0.192684 -0.00440614 -5.37975e-18)
(0.289647 -0.00908222 0)
(0.28122 -0.010092 0)
(0.273159 -0.0106327 -1.08556e-17)
(0.26622 -0.0102939 1.70661e-17)
(0.261435 -0.00916565 4.55985e-17)
(0.258731 -0.00751924 -8.57393e-22)
(0.257944 -0.00553332 7.7852e-24)
(0.258966 -0.0033117 -8.50728e-18)
(0.261532 -0.00104019 7.79028e-26)
(0.264917 0.00118529 -2.10584e-24)
(0.269282 0.00359071 8.53868e-18)
(0.275223 0.00603457 -8.97015e-25)
(0.281961 0.00805489 1.65298e-24)
(0.28857 0.00949367 -2.34269e-17)
(0.294985 0.010432 1.93226e-24)
(0.301562 0.0109048 -5.7439e-25)
(0.306877 0.0105826 -1.28696e-24)
(0.310833 0.00945691 1.83678e-25)
(0.313329 0.00773365 -1.81271e-25)
(0.314226 0.00551664 1.81227e-18)
(0.313392 0.0030153 -1.41957e-18)
(0.311098 0.000528956 -2.06511e-19)
(0.308069 -0.0019237 0)
(0.303093 -0.00458589 0)
(0.29728 -0.00677901 1.43804e-18)
(0.343867 -0.0107534 0)
(0.333704 -0.0119416 -3.61585e-18)
(0.324034 -0.0125794 6.73167e-18)
(0.31547 -0.0121677 -5.01238e-22)
(0.309484 -0.0108264 -1.40504e-17)
(0.306026 -0.00887756 -8.52956e-18)
(0.3049 -0.00653216 0)
(0.305973 -0.00391179 0)
(0.308937 -0.00123351 0)
(0.312939 0.00139101 -2.73705e-18)
(0.318126 0.00422779 -5.34202e-18)
(0.325209 0.00711105 -9.97245e-18)
(0.333335 0.00949995 -5.5564e-25)
(0.341391 0.011208 1.48282e-17)
(0.349184 0.0123245 1.17769e-17)
(0.357079 0.0128888 -8.56324e-18)
(0.363707 0.0125215 8.18079e-25)
(0.368671 0.0111992 -2.3372e-25)
(0.371853 0.00916527 5.41407e-25)
(0.3731 0.00654271 -1.1495e-18)
(0.372241 0.00357985 4.70497e-22)
(0.36958 0.000631631 6.04351e-23)
(0.365986 -0.00227664 0)
(0.360073 -0.00543313 -2.00717e-26)
(0.353065 -0.00802927 2.02749e-26)
(0.381251 -0.0118833 0)
(0.369893 -0.0131953 5.26266e-18)
(0.359138 -0.0139026 -4.89294e-18)
(0.349391 -0.0134425 -7.62242e-18)
(0.342486 -0.011957 -1.01387e-17)
(0.33843 -0.00980369 2.69374e-24)
(0.337002 -0.00721575 -7.00598e-18)
(0.338053 -0.00432691 3.80403e-18)
(0.341249 -0.00137457 0)
(0.345661 0.0015189 1.98874e-18)
(0.351397 0.0046452 -3.8927e-18)
(0.359247 0.00782334 7.29574e-18)
(0.368343 0.0104624 6.47226e-18)
(0.377422 0.0123554 -2.18576e-17)
(0.386193 0.0135953 -8.70151e-18)
(0.394975 0.014223 6.33184e-18)
(0.402572 0.0138312 -3.92401e-18)
(0.408301 0.0123817 8.33035e-25)
(0.412011 0.0101414 -1.71192e-25)
(0.413548 0.00724685 8.50896e-19)
(0.412715 0.0039724 1.32913e-18)
(0.40983 0.000710097 5.70721e-23)
(0.405864 -0.00250799 1.81594e-25)
(0.399338 -0.00600121 2.94905e-26)
(0.391508 -0.00887178 -6.57454e-19)
(0.410022 -0.0127328 -3.06368e-26)
(0.397749 -0.0141402 -4.16204e-18)
(0.38618 -0.0149025 7.72701e-18)
(0.375493 -0.0144072 -5.99494e-18)
(0.36781 -0.0128135 1.59013e-17)
(0.363223 -0.0105064 -2.10885e-24)
(0.361497 -0.00773643 7.148e-22)
(0.362469 -0.00464661 -4.06156e-22)
(0.365796 -0.00148905 0)
(0.370493 0.00160593 -1.47712e-24)
(0.376626 0.00494817 3.06818e-18)
(0.385034 0.00834603 5.76597e-18)
(0.394862 0.0111732 -1.02692e-17)
(0.404729 0.0132071 1.3549e-21)
(0.414274 0.0145424 -6.94325e-18)
(0.423732 0.0152194 -5.05962e-18)
(0.432117 0.0148134 3.14488e-18)
(0.43849 0.0132731 0)
(0.442661 0.0108811 0)
(0.444471 0.00778419 -6.83178e-19)
(0.443707 0.00427615 -1.06539e-18)
(0.440683 0.000776437 7.70242e-20)
(0.436456 -0.00267594 0)
(0.429498 -0.00642427 -5.27818e-19)
(0.421049 -0.0095026 8.54704e-22)
(0.433659 -0.0134131 -2.56561e-26)
(0.42065 -0.0148988 3.47113e-18)
(0.408429 -0.0157077 -3.2164e-18)
(0.396959 -0.0151851 4.9746e-18)
(0.388587 -0.013505 -6.57691e-18)
(0.383503 -0.0110747 2.01285e-24)
(0.381471 -0.0081591 6.7875e-22)
(0.382318 -0.00490891 -4.90986e-18)
(0.385702 -0.00158766 -6.40152e-19)
(0.390596 0.00166801 2.4595e-24)
(0.397024 0.00518163 2.53983e-18)
(0.405853 0.00875331 -4.78596e-18)
(0.416252 0.0117303 8.32366e-22)
(0.42676 0.0138782 2.17908e-17)
(0.436953 0.0152917 5.81445e-18)
(0.446968 0.0160098 4.2459e-18)
(0.456021 0.0155956 -4.51808e-25)
(0.462972 0.0139867 3.28474e-25)
(0.46757 0.0114766 -7.00106e-20)
(0.469653 0.00821999 3.53297e-25)
(0.468996 0.00452601 4.49279e-19)
(0.465895 0.00083549 -6.48054e-20)
(0.461482 -0.00280548 0)
(0.454207 -0.00675962 4.43417e-19)
(0.44528 -0.0100056 4.3789e-19)
(0.453919 -0.01398 0)
(0.440304 -0.0155332 -3.00254e-18)
(0.427542 -0.016383 0)
(0.415401 -0.0158388 0)
(0.406403 -0.0140873 5.64419e-18)
(0.400841 -0.0115541 3.40242e-18)
(0.398495 -0.008517 3.86443e-18)
(0.39918 -0.00513343 4.19379e-18)
(0.402558 -0.00167617 5.46868e-19)
(0.407582 0.00171291 0)
(0.414229 0.00536798 -4.34981e-18)
(0.423378 0.00908247 -4.10427e-18)
(0.434229 0.0121833 7.34911e-18)
(0.445275 0.0144267 -6.26715e-18)
(0.45602 0.0159068 0)
(0.466522 0.0166607 -3.68039e-18)
(0.476158 0.0162419 2.29937e-18)
(0.483639 0.0145797 -3.88842e-25)
(0.488648 0.0119747 6.1072e-20)
(0.49101 0.00858739 0)
(0.490493 0.00473985 3.91417e-19)
(0.487367 0.000890003 5.65339e-20)
(0.482825 -0.00290891 0)
(0.475317 -0.00703589 0)
(0.466017 -0.0104229 0)
(0.471808 -0.0144653 0)
(0.457685 -0.0160783 -7.16865e-22)
(0.444461 -0.0169652 -7.44674e-25)
(0.431736 -0.0164038 1.78614e-24)
(0.422162 -0.0145917 -4.97759e-18)
(0.416139 -0.0119703 -2.99308e-18)
(0.413466 -0.00882909 -3.39178e-18)
(0.413958 -0.00533143 -1.83863e-18)
(0.417279 -0.00175794 1.79687e-24)
(0.422376 0.001745 9.14677e-25)
(0.429181 0.00551998 1.90834e-18)
(0.438573 0.00935484 9.44105e-22)
(0.449785 0.0125604 -3.23446e-18)
(0.461287 0.014886 -5.53025e-18)
(0.472506 0.016424 -4.44551e-18)
(0.483447 0.01721 6.53076e-18)
(0.493599 0.0167894 5.60803e-23)
(0.501574 0.0150849 4.40452e-19)
(0.506984 0.0124019 0)
(0.509636 0.0089053 0)
(0.509289 0.00492789 -3.50097e-19)
(0.506184 0.000941609 5.04512e-20)
(0.501559 -0.00299312 -1.96322e-19)
(0.493882 -0.00726927 -8.76909e-26)
(0.484294 -0.0107783 0)
(0.487946 -0.0148885 0)
(0.473397 -0.0165559 1.20812e-18)
(0.459772 -0.0174771 0)
(0.446534 -0.0169017 3.41771e-18)
(0.436428 -0.0150376 -1.88458e-24)
(0.429954 -0.0123394 0)
(0.426945 -0.00910704 3.03929e-18)
(0.427217 -0.0055098 1.64424e-18)
(0.430439 -0.00183497 -1.60554e-24)
(0.435559 0.00176707 8.64724e-19)
(0.44247 0.00564566 0)
(0.452043 0.0095838 9.39976e-22)
(0.46354 0.0128795 -2.89634e-18)
(0.475427 0.0152769 -4.96397e-18)
(0.487057 0.016866 4.00032e-18)
(0.498399 0.0176814 -2.94678e-18)
(0.509013 0.0172607 -1.84902e-18)
(0.517452 0.0155225 -3.99315e-19)
(0.523257 0.0127747 0)
(0.526209 0.00918534 4.06316e-19)
(0.526059 0.00509637 3.17957e-19)
(0.523018 0.000991256 -4.59521e-20)
(0.518348 -0.00306241 1.78705e-19)
(0.510556 -0.00746977 0)
(0.50075 -0.0110864 0)
(0.502745 -0.0152623 1.6679e-26)
(0.487838 -0.01698 -1.1129e-18)
(0.473862 -0.0179335 -6.18135e-25)
(0.46017 -0.017347 -6.26813e-18)
(0.44957 -0.0154378 -4.09809e-18)
(0.442658 -0.0126717 0)
(0.439305 -0.00935848 -2.7666e-18)
(0.439333 -0.00567304 -1.49462e-18)
(0.442419 -0.00190855 -3.88477e-19)
(0.447521 0.00178103 -7.84485e-19)
(0.454492 0.00575039 -1.54634e-18)
(0.46419 0.00977831 2.92601e-18)
(0.475909 0.0131525 5.26073e-18)
(0.488121 0.0156132 4.51732e-18)
(0.500107 0.017248 1.24389e-24)
(0.511815 0.0180905 -2.69312e-18)
(0.522845 0.0176712 1.69381e-18)
(0.53172 0.0159059 5.77587e-25)
(0.537914 0.0131037 0)
(0.541176 0.00943506 -7.48441e-19)
(0.541247 0.00524928 -2.93507e-19)
(0.538309 0.0010395 -4.23346e-20)
(0.533632 -0.00311966 1.6458e-19)
(0.525769 -0.00764401 0)
(0.515802 -0.0113568 0)
(0.51649 -0.0155956 3.11974e-26)
(0.501283 -0.0173604 2.07436e-18)
(0.486995 -0.0183444 1.90071e-18)
(0.472903 -0.0177492 2.91099e-18)
(0.461846 -0.0158007 3.79898e-18)
(0.454508 -0.0129742 2.29658e-24)
(0.450805 -0.00958858 6.52122e-22)
(0.45057 -0.00582418 -1.38178e-25)
(0.453489 -0.00197947 7.14274e-19)
(0.458532 0.00178826 -1.04355e-26)
(0.465523 0.00583797 1.41971e-18)
(0.4753 0.00994462 6.59364e-25)
(0.487184 0.0133876 -2.41545e-18)
(0.499666 0.0159047 5.3657e-25)
(0.51196 0.0175807 6.71628e-18)
(0.524001 0.018448 5.47583e-22)
(0.535407 0.0180311 -3.13433e-18)
(0.544691 0.0162441 -5.35887e-25)
(0.551266 0.0133964 0)
(0.554847 0.00965956 3.48228e-19)
(0.555161 0.0053893 -2.81866e-25)
(0.55236 0.00108664 3.9533e-20)
(0.547714 -0.00316686 -1.53726e-19)
(0.539818 -0.00779653 0)
(0.52974 -0.011596 0)
(0.529381 -0.0158947 0)
(0.513929 -0.0177039 -1.95391e-18)
(0.499365 -0.018717 -1.78479e-18)
(0.484921 -0.0181154 2.73199e-18)
(0.473441 -0.0161326 -3.55841e-18)
(0.46569 -0.013252 0)
(0.461633 -0.009801 2.38114e-18)
(0.461119 -0.00596533 0)
(0.463842 -0.00204828 -3.3185e-19)
(0.468793 0.00178982 -1.2627e-24)
(0.475767 0.0059112 -1.31567e-18)
(0.485581 0.0100873 -5.62179e-25)
(0.497582 0.0135911 2.23744e-18)
(0.510281 0.0161583 0)
(0.52284 0.0178715 -6.24172e-18)
(0.535181 0.0187618 2.316e-18)
(0.546925 0.0183481 1.46169e-18)
(0.556591 0.0165438 0)
(0.563539 0.013658 1.7351e-25)
(0.567445 0.00986241 -1.73146e-25)
(0.568022 0.00551824 -2.56268e-19)
(0.56539 0.00113282 0)
(0.56081 -0.00320549 -1.44401e-19)
(0.552916 -0.0079306 0)
(0.54277 -0.0118089 0)
(0.541566 -0.0161639 -2.80698e-26)
(0.525922 -0.0180154 1.85616e-18)
(0.511111 -0.0190565 1.69125e-18)
(0.49636 -0.0184503 -7.76003e-18)
(0.484491 -0.0164377 6.7284e-18)
(0.476342 -0.0135085 -3.22997e-24)
(0.471929 -0.00999833 -2.24084e-18)
(0.471122 -0.00609798 2.21365e-24)
(0.473627 -0.00211528 0)
(0.478453 0.00178654 0)
(0.485378 0.00597218 2.4606e-18)
(0.49519 0.0102099 0)
(0.507263 0.0137673 -8.30631e-22)
(0.520133 0.0163795 7.19669e-18)
(0.532916 0.0181264 6.07627e-25)
(0.545524 0.0190377 -2.17057e-18)
(0.557572 0.0186278 0)
(0.567593 0.0168098 1.26767e-25)
(0.574902 0.0138922 3.40142e-20)
(0.579136 0.0100462 3.06698e-19)
(0.579991 0.00563736 2.427e-19)
(0.577556 0.00117807 2.65279e-25)
(0.573076 -0.00323668 2.7391e-19)
(0.56522 -0.00804865 1.2204e-25)
(0.555044 -0.0119989 0)
(0.553154 -0.0164067 0)
(0.537369 -0.0182986 8.62063e-22)
(0.522341 -0.0193667 -1.6132e-18)
(0.507325 -0.0187578 7.40144e-18)
(0.495101 -0.0167193 -7.93457e-22)
(0.48657 -0.0137464 -5.19968e-25)
(0.481802 -0.0101824 4.25302e-18)
(0.48069 -0.00622318 -1.9817e-24)
(0.482956 -0.00218065 -2.93916e-19)
(0.48763 0.00177913 0)
(0.494473 0.0060226 -4.91343e-22)
(0.50425 0.010315 -4.94109e-25)
(0.516355 0.0139199 -3.93073e-18)
(0.52935 0.0165723 -6.77005e-18)
(0.54232 0.0183498 0)
(0.555162 0.0192803 2.04715e-18)
(0.567481 0.0188745 1.24356e-24)
(0.577828 0.0170459 -2.84845e-19)
(0.585484 0.0141018 -6.38195e-20)
(0.590047 0.0102127 -2.91421e-19)
(0.591193 0.00574751 3.58647e-25)
(0.58898 0.00122233 0)
(0.584631 -0.00326132 -1.30658e-19)
(0.576848 -0.0081525 0)
(0.566676 -0.0121685 0)
(0.564228 -0.0166256 0)
(0.548351 -0.0185561 8.99673e-22)
(0.533139 -0.0196506 2.87179e-25)
(0.517895 -0.0190406 -2.36788e-18)
(0.505348 -0.0169797 -3.07275e-18)
(0.496454 -0.0139677 0)
(0.491333 -0.0103547 -7.36428e-22)
(0.489908 -0.00634165 -2.10739e-24)
(0.491919 -0.00224445 5.59428e-19)
(0.496414 0.0017682 2.13394e-24)
(0.503148 0.0060638 -1.09903e-18)
(0.512858 0.0104047 2.0693e-18)
(0.524959 0.0140518 1.85972e-18)
(0.538038 0.01674 -3.20009e-18)
(0.551158 0.018545 -1.77543e-24)
(0.564201 0.019493 1.08189e-24)
(0.576758 0.0190916 -1.22932e-18)
(0.587404 0.0172548 5.41659e-19)
(0.595389 0.014289 6.9288e-22)
(0.600278 0.0103633 2.92639e-25)
(0.601724 0.00584927 0)
(0.599755 0.00126549 0)
(0.595566 -0.00328018 -1.24815e-19)
(0.587889 -0.00824358 -2.17699e-19)
(0.577754 -0.0123197 1.92819e-26)
(0.574854 -0.0168224 2.51731e-26)
(0.558928 -0.0187898 -8.25565e-19)
(0.543569 -0.0199102 0)
(0.528132 -0.0193005 -2.28445e-18)
(0.515297 -0.0172206 -5.92332e-18)
(0.506057 -0.0141735 0)
(0.500591 -0.010516 -1.95286e-18)
(0.498847 -0.00645388 3.83389e-24)
(0.500587 -0.00230666 -2.67831e-19)
(0.504882 0.00175429 -2.03891e-24)
(0.511479 0.00609691 0)
(0.521093 0.0104809 -1.04618e-21)
(0.533157 0.0141651 8.92014e-25)
(0.546281 0.0168852 3.04338e-18)
(0.559516 0.0187149 0)
(0.572728 0.0196787 0)
(0.585491 0.0192816 2.34212e-18)
(0.596406 0.0174389 -5.17432e-19)
(0.604702 0.0144556 2.80631e-20)
(0.60991 0.0104991 2.63606e-19)
(0.611662 0.00594302 -3.27321e-25)
(0.609954 0.00130735 2.31706e-25)
(0.60595 -0.00329391 1.20235e-19)
(0.598412 -0.00832302 2.10006e-19)
(0.588347 -0.012454 0)
(0.585083 -0.0169988 0)
(0.569149 -0.0190014 -8.02567e-19)
(0.55368 -0.0201472 0)
(0.538085 -0.0195392 4.42887e-18)
(0.524994 -0.0174433 8.60927e-18)
(0.515432 -0.014365 4.63267e-25)
(0.509626 -0.0106671 3.77183e-18)
(0.507561 -0.00656017 3.69737e-24)
(0.509018 -0.00236719 -2.57682e-19)
(0.513093 0.00173791 -3.90201e-24)
(0.519531 0.00612291 -1.00464e-18)
(0.529022 0.0105449 -1.88706e-18)
(0.541017 0.0142616 0)
(0.554151 0.01701 0)
(0.567467 0.0188619 9.84162e-25)
(0.580815 0.0198397 -9.83836e-25)
(0.593752 0.019447 1.33771e-22)
(0.604907 0.0176 2.47808e-19)
(0.613491 0.0146028 -2.54729e-20)
(0.619008 0.0106209 -2.53205e-19)
(0.621067 0.00602901 -1.04531e-24)
(0.619636 0.00134772 4.19193e-25)
(0.615839 -0.00330309 0)
(0.608468 -0.00839176 0)
(0.598507 -0.0125728 0)
(0.594956 -0.0171559 0)
(0.579051 -0.0191918 7.81169e-19)
(0.563509 -0.0203627 1.11303e-24)
(0.547791 -0.0197577 -2.1551e-18)
(0.534478 -0.0176487 -9.72981e-22)
(0.524617 -0.0145428 1.64745e-18)
(0.518483 -0.0108083 -5.49292e-18)
(0.516096 -0.00666066 3.58272e-24)
(0.517261 -0.00242587 2.49349e-19)
(0.521099 0.00171951 1.87589e-24)
(0.527356 0.00614261 1.93648e-18)
(0.536699 0.010598 0)
(0.548595 0.0143431 0)
(0.561706 0.0171164 2.78594e-18)
(0.575073 0.0189878 2.26747e-18)
(0.588522 0.019978 -1.3143e-24)
(0.601604 0.0195893 -2.14914e-18)
(0.612968 0.0177396 -2.38785e-19)
(0.621818 0.0147317 2.44872e-20)
(0.62763 0.0107292 2.41821e-19)
(0.629994 0.00610737 6.04082e-25)
(0.628849 0.00138635 4.30118e-25)
(0.625279 -0.00330826 -4.31863e-25)
(0.618102 -0.00845058 0)
(0.608274 -0.012677 0)
(0.604502 -0.0172945 0)
(0.588663 -0.0193621 -5.08764e-25)
(0.573085 -0.0205576 1.37742e-18)
(0.55728 -0.0199568 0)
(0.54378 -0.0178374 -2.72613e-18)
(0.533643 -0.0147073 -1.60815e-18)
(0.527195 -0.01094 8.90753e-22)
(0.524488 -0.00675538 3.67628e-24)
(0.525353 -0.00248252 -2.42106e-19)
(0.52894 0.00169955 3.66644e-24)
(0.534998 0.00615676 -9.37305e-19)
(0.544171 0.0106412 0)
(0.555939 0.0144107 -6.92409e-25)
(0.568997 0.0172057 -2.68366e-18)
(0.582385 0.0190944 -2.18417e-18)
(0.595902 0.020095 -9.08053e-25)
(0.609101 0.0197102 1.0344e-18)
(0.620644 0.0178592 2.2991e-19)
(0.629733 0.0148434 2.00501e-25)
(0.635825 0.0108246 -2.33424e-19)
(0.638487 0.00617818 0)
(0.637634 0.00142298 4.15639e-25)
(0.634307 -0.00330992 -4.18135e-25)
(0.627346 -0.00850018 0)
(0.617681 -0.0127673 0)
(0.613746 -0.0174155 -4.61312e-26)
(0.598011 -0.0195128 -7.50053e-19)
(0.58243 -0.0207323 -2.69607e-18)
(0.566575 -0.020137 2.26457e-24)
(0.552921 -0.0180097 -2.24767e-24)
(0.542537 -0.0148587 6.37667e-24)
(0.535789 -0.0110621 3.4901e-18)
(0.532768 -0.00684428 -9.2493e-19)
(0.533329 -0.00253687 7.0842e-19)
(0.536653 0.00167846 -3.56913e-24)
(0.542495 0.006166 -9.10138e-19)
(0.551477 0.0106756 8.3512e-25)
(0.563094 0.0144656 6.70296e-25)
(0.576067 0.0172792 -6.69787e-25)
(0.589447 0.0191829 1.75636e-24)
(0.603002 0.0201924 -5.31624e-25)
(0.616288 0.0198111 9.99031e-19)
(0.627981 0.0179597 -1.92385e-25)
(0.637283 0.0149386 -2.04868e-20)
(0.643634 0.0109074 -5.54224e-25)
(0.646586 0.00624146 -1.85911e-25)
(0.646025 0.00145734 7.56098e-25)
(0.642953 -0.00330854 0)
(0.63623 -0.00854116 0)
(0.626751 -0.0128445 1.76704e-19)
(0.622704 -0.0175194 -4.54238e-26)
(0.607111 -0.0196447 7.36022e-19)
(0.591561 -0.0208874 1.32256e-18)
(0.575692 -0.0202986 2.22281e-24)
(0.56192 -0.018166 -2.20743e-24)
(0.551316 -0.0149972 0)
(0.544287 -0.0111748 -1.71267e-18)
(0.540959 -0.00692721 1.81348e-18)
(0.541216 -0.00258866 -6.93434e-19)
(0.544267 0.00165667 -3.45917e-24)
(0.549878 0.00617094 6.33605e-22)
(0.558653 0.0107018 -1.62593e-24)
(0.570094 0.014509 6.51315e-25)
(0.582953 0.0173381 -6.49516e-25)
(0.596299 0.0192545 -1.70206e-24)
(0.609864 0.0202713 1.69923e-24)
(0.623207 0.0198929 -1.93502e-18)
(0.63502 0.0180421 0)
(0.644507 0.0150179 1.98378e-20)
(0.651097 0.010978 2.25084e-25)
(0.654324 0.00629723 0)
(0.654055 0.00148915 0)
(0.651246 -0.00330457 0)
(0.644775 -0.00857409 0)
(0.635507 -0.0129091 -3.44197e-19)
(0.631389 -0.0176066 0)
(0.615976 -0.0197579 7.25909e-19)
(0.60049 -0.0210232 -1.30168e-18)
(0.584644 -0.020442 -1.56939e-24)
(0.570787 -0.0183063 0)
(0.559996 -0.0151228 0)
(0.552706 -0.0112779 -6.66863e-24)
(0.549082 -0.00700397 -5.85609e-22)
(0.549035 -0.00263758 2.26983e-19)
(0.551808 0.00163459 0)
(0.557175 0.00617212 8.69096e-19)
(0.565726 0.0107206 -1.5882e-24)
(0.576972 0.0145415 1.27014e-24)
(0.589691 0.0173833 -1.26404e-24)
(0.602974 0.0193101 -1.65443e-24)
(0.616524 0.0203327 1.65123e-24)
(0.629896 0.0199568 -2.0589e-22)
(0.6418 0.0181074 -1.3054e-24)
(0.651444 0.015082 0)
(0.658249 0.0110367 0)
(0.661736 0.00634547 -7.00216e-25)
(0.661751 0.00151817 2.50526e-20)
(0.659208 -0.00329844 -9.88585e-20)
(0.653003 -0.00859947 -1.78629e-25)
(0.643966 -0.0129618 1.67843e-19)
(0.639815 -0.0176776 0)
(0.624615 -0.0198528 -7.14478e-19)
(0.609228 -0.0211398 1.28186e-18)
(0.593437 -0.020567 0)
(0.579532 -0.0184305 2.54332e-18)
(0.568586 -0.0152353 -8.18282e-25)
(0.561059 -0.0113711 5.98891e-24)
(0.557152 -0.00707431 -6.21602e-22)
(0.556806 -0.00268331 0)
(0.559295 0.00161263 0)
(0.56441 0.00617005 8.52349e-19)
(0.572723 0.0107326 0)
(0.583756 0.0145642 0)
(0.596311 0.0174157 1.03141e-24)
(0.609503 0.0193506 1.93608e-18)
(0.623014 0.0203776 1.44291e-18)
(0.636387 0.0200036 9.15188e-19)
(0.648353 0.0181562 0)
(0.658127 0.0151315 0)
(0.665122 0.0110839 -1.00078e-24)
(0.66885 0.00638619 1.63747e-19)
(0.669139 0.00154416 -2.44266e-20)
(0.666863 -0.00329056 4.13902e-22)
(0.660932 -0.00861779 -1.69048e-19)
(0.652142 -0.0130029 0)
(0.647989 -0.0177328 0)
(0.633033 -0.0199297 7.06636e-19)
(0.617781 -0.0212373 -1.26588e-18)
(0.602077 -0.0206738 -1.93485e-18)
(0.588159 -0.0185386 -2.51339e-18)
(0.577091 -0.0153346 -6.0088e-24)
(0.569354 -0.0114544 1.24216e-23)
(0.56518 -0.00713795 -8.68217e-19)
(0.564542 -0.00272552 2.20403e-19)
(0.566748 0.00159118 3.28569e-24)
(0.571601 0.00616519 -8.39642e-19)
(0.579665 0.0107383 1.40731e-24)
(0.590469 0.0145775 -1.38887e-24)
(0.602838 0.0174362 0)
(0.615913 0.0193768 -1.89408e-18)
(0.629362 0.0204066 -6.9335e-22)
(0.642711 0.020034 3.43129e-24)
(0.654712 0.0181891 -1.24136e-24)
(0.664586 0.0151668 -1.47183e-20)
(0.671747 0.0111197 0)
(0.675695 0.00641941 -1.5969e-19)
(0.676245 0.00156689 2.3651e-20)
(0.674231 -0.00328131 9.40124e-20)
(0.668577 -0.0086295 3.30213e-19)
(0.660048 -0.013033 -5.86133e-26)
(0.65592 -0.0177726 0)
(0.641235 -0.0199888 -6.96757e-19)
(0.626152 -0.0213158 1.24971e-18)
(0.610568 -0.0207622 1.91224e-18)
(0.59667 -0.0186304 4.18739e-24)
(0.585515 -0.0154204 0)
(0.577597 -0.0115273 -6.43766e-24)
(0.573175 -0.00719458 6.32532e-24)
(0.572254 -0.00276385 -2.18214e-19)
(0.574178 0.00157062 3.30036e-24)
(0.578766 0.00615797 8.27797e-19)
(0.58657 0.0107383 1.53271e-18)
(0.597131 0.0145821 -1.36634e-24)
(0.609296 0.0174453 0)
(0.62223 0.0193895 0)
(0.635593 0.0204204 -2.76369e-18)
(0.648894 0.0200487 0)
(0.660904 0.0182069 0)
(0.670851 0.0151884 1.02596e-21)
(0.678151 0.0111444 -3.88596e-25)
(0.682297 0.00644515 1.54407e-19)
(0.683091 0.00158618 -2.31213e-20)
(0.681332 -0.00327101 0)
(0.675956 -0.00863502 -9.97335e-22)
(0.667696 -0.0130524 0)
(0.663616 -0.0177972 8.59344e-26)
(0.649224 -0.0200301 -1.00028e-24)
(0.634342 -0.0213753 9.20382e-25)
(0.61891 -0.0208322 -1.8908e-18)
(0.605066 -0.0187056 2.45945e-18)
(0.593857 -0.0154925 -1.17875e-23)
(0.585789 -0.0115897 1.16251e-23)
(0.581142 -0.00724391 -6.61414e-24)
(0.57995 -0.00279799 6.48655e-24)
(0.581597 0.00155131 -3.21505e-24)
(0.585917 0.00614879 -8.19521e-19)
(0.593455 0.010733 -1.51541e-18)
(0.603762 0.0145784 0)
(0.615706 0.0174438 0)
(0.628476 0.0193892 -1.82404e-18)
(0.64173 0.0204197 1.35768e-18)
(0.65496 0.0200482 8.59293e-19)
(0.666954 0.0182101 1.93769e-19)
(0.676949 0.0151967 1.30753e-20)
(0.684361 0.0111583 0)
(0.688681 0.00646347 -1.51067e-19)
(0.689701 0.00160189 -5.94533e-25)
(0.688186 -0.00325998 -8.88386e-20)
(0.683084 -0.00863475 -1.04557e-21)
(0.675099 -0.0130616 0)
(0.671086 -0.0178071 8.52574e-26)
(0.657004 -0.0200541 -8.63994e-26)
(0.642352 -0.0214159 0)
(0.627103 -0.0208836 3.74375e-18)
(0.613344 -0.0187641 -2.43881e-18)
(0.602115 -0.0155507 1.16934e-23)
(0.593928 -0.0116413 1.6003e-18)
(0.589083 -0.00728563 6.56837e-24)
(0.587636 -0.00282762 -2.14578e-19)
(0.589013 0.00153358 -4.22048e-19)
(0.593066 0.00613799 -1.20211e-25)
(0.600332 0.0107228 -4.30289e-24)
(0.610375 0.014567 1.33226e-24)
(0.622085 0.0174321 0)
(0.634671 0.0193765 1.79895e-18)
(0.647796 0.020405 1.3361e-18)
(0.660931 0.0200331 -8.45218e-19)
(0.672886 0.018199 -1.90361e-19)
(0.682903 0.0151922 0)
(0.690402 0.0111616 8.9199e-25)
(0.694872 0.00647446 -1.46338e-19)
(0.696098 0.00161391 0)
(0.694812 -0.00324847 8.71466e-20)
(0.689977 -0.00862903 -1.53498e-19)
(0.682267 -0.0130608 0)
(0.678337 -0.0178024 8.46632e-26)
(0.664578 -0.0200608 -8.59729e-26)
(0.65018 -0.0214375 0)
(0.635144 -0.0209163 -1.85394e-18)
(0.621501 -0.0188057 2.41665e-18)
(0.610287 -0.0155946 0)
(0.602013 -0.0116817 -1.59188e-18)
(0.596995 -0.00731948 -1.23869e-23)
(0.595314 -0.00285245 2.1358e-19)
(0.596431 0.00151771 4.19866e-19)
(0.60022 0.00612587 0)
(0.607212 0.010708 1.34503e-24)
(0.616985 0.0145481 -1.3199e-24)
(0.628448 0.0174105 -1.10418e-18)
(0.640832 0.0193518 1.77562e-18)
(0.653807 0.0203766 -1.31935e-18)
(0.666826 0.0200038 -8.34062e-19)
(0.678721 0.0181742 0)
(0.688737 0.0151752 0)
(0.696297 0.0111547 1.73429e-19)
(0.700893 0.00647822 1.43677e-19)
(0.702302 0.00162218 0)
(0.701229 -0.0032367 0)
(0.69665 -0.00861817 -1.48634e-19)
(0.689213 -0.0130505 1.39508e-19)
(0.685378 -0.0177835 0)
(0.671949 -0.0200505 0)
(0.657828 -0.0214403 1.20012e-18)
(0.64303 -0.0209303 -1.83547e-18)
(0.629535 -0.0188303 -2.40003e-18)
(0.618367 -0.0156241 1.42282e-18)
(0.610037 -0.0117108 1.58158e-18)
(0.604875 -0.00734521 -1.23269e-23)
(0.602982 -0.00287226 -6.49574e-24)
(0.603853 0.00150396 -4.17444e-19)
(0.607385 0.00611266 -8.01227e-19)
(0.614103 0.0106887 0)
(0.623599 0.0145221 0)
(0.634808 0.0173796 1.09592e-18)
(0.646975 0.0193156 -1.75946e-18)
(0.659782 0.0203351 8.73144e-25)
(0.672665 0.0199607 8.24233e-19)
(0.684479 0.0181359 2.28678e-24)
(0.694471 0.015146 0)
(0.702068 0.0111378 -1.70727e-19)
(0.706765 0.00647489 0)
(0.708335 0.00162669 1.25881e-24)
(0.707458 -0.00322481 -1.28262e-24)
(0.70312 -0.00860245 2.91229e-19)
(0.695951 -0.013031 -1.37396e-19)
(0.69222 -0.0177506 0)
(0.679125 -0.0200234 -6.63219e-19)
(0.665297 -0.0214242 -1.1879e-18)
(0.650757 -0.0209254 1.81893e-18)
(0.637441 -0.0188377 0)
(0.626348 -0.015639 -1.41546e-18)
(0.617996 -0.0117283 -1.57555e-18)
(0.612719 -0.00736265 0)
(0.610638 -0.00288688 -6.47261e-24)
(0.61128 0.00149249 4.92418e-22)
(0.614562 0.00609853 1.5969e-18)
(0.62101 0.0106653 1.4698e-18)
(0.630228 0.014489 1.29119e-18)
(0.641174 0.0173394 -2.24789e-24)
(0.653112 0.0192682 0)
(0.665734 0.0202807 4.03291e-24)
(0.678462 0.0199041 -4.00789e-24)
(0.690177 0.0180845 0)
(0.700123 0.015105 6.54183e-25)
(0.707735 0.011111 -2.32318e-24)
(0.71251 0.00646462 1.68654e-24)
(0.714218 0.00162747 0)
(0.713516 -0.00321292 0)
(0.709404 -0.00858205 -1.42804e-19)
(0.702492 -0.0130025 0)
(0.698874 -0.017704 1.66778e-25)
(0.686111 -0.0199797 -1.92632e-21)
(0.672587 -0.0213894 -1.75912e-24)
(0.658323 -0.0209015 0)
(0.645215 -0.0188277 -2.36292e-18)
(0.634223 -0.015639 -1.1392e-23)
(0.62588 -0.0117341 1.13004e-23)
(0.620518 -0.00737165 0)
(0.618275 -0.00289619 0)
(0.618708 0.00148342 4.1544e-19)
(0.621753 0.00608358 -1.59231e-18)
(0.627935 0.0106378 -2.07885e-21)
(0.636875 0.0144491 -1.28757e-18)
(0.647555 0.0172901 0)
(0.659255 0.0192097 2.89134e-24)
(0.671675 0.0202137 -1.28364e-18)
(0.684234 0.0198343 2.25239e-24)
(0.695829 0.0180202 -2.24834e-24)
(0.705712 0.0150523 6.3537e-25)
(0.713317 0.0110747 -6.40946e-25)
(0.718147 0.00644758 0)
(0.71997 0.0016246 -1.99749e-20)
(0.719422 -0.00320104 -7.90635e-20)
(0.715519 -0.00855712 9.6268e-26)
(0.708853 -0.0129653 -9.8199e-26)
(0.705352 -0.0176438 -1.663e-25)
(0.692916 -0.0199196 6.49931e-19)
(0.679703 -0.021336 -1.16841e-18)
(0.665727 -0.0208589 7.82734e-24)
(0.652851 -0.0188003 2.34772e-18)
(0.641988 -0.015624 -3.2471e-23)
(0.633682 -0.0117281 2.25024e-23)
(0.628266 -0.00737215 0)
(0.625886 -0.00290016 0)
(0.626132 0.00147675 -6.2596e-24)
(0.628956 0.00606782 1.58931e-18)
(0.634881 0.0106062 -1.46368e-18)
(0.643545 0.0144023 -4.86092e-24)
(0.653957 0.0172318 2.22925e-24)
(0.66541 0.0191403 -5.75901e-24)
(0.677618 0.0201342 1.27781e-18)
(0.689994 0.0197515 3.95661e-24)
(0.70145 0.0179433 0)
(0.711252 0.0149883 3.44701e-21)
(0.71883 0.0110291 1.57669e-19)
(0.723694 0.00642398 0)
(0.72561 0.00161821 1.97378e-20)
(0.725196 -0.00318916 7.80803e-20)
(0.721482 -0.00852775 -6.5549e-25)
(0.715047 -0.0129194 9.57716e-26)
(0.711665 -0.0175702 0)
(0.699548 -0.0198433 0)
(0.68665 -0.0212641 1.15738e-18)
(0.672971 -0.0207974 -5.61238e-24)
(0.660344 -0.0187555 -1.94589e-23)
(0.649637 -0.0155941 4.20615e-23)
(0.641394 -0.0117101 2.19293e-24)
(0.635952 -0.00736413 -1.14965e-23)
(0.633464 -0.00289885 -2.54709e-23)
(0.633546 0.0014724 1.26124e-23)
(0.636166 0.00605115 -7.94385e-19)
(0.641845 0.0105704 0)
(0.650238 0.0143486 0)
(0.660382 0.0171645 -1.07658e-18)
(0.671585 0.0190601 -9.40806e-24)
(0.683569 0.0200424 1.69146e-24)
(0.695751 0.019656 6.18449e-24)
(0.707052 0.0178539 -2.23e-24)
(0.716756 0.014913 -3.42361e-21)
(0.724289 0.0109744 -1.5644e-19)
(0.729168 0.00639401 0)
(0.731156 0.00160844 0)
(0.730854 -0.00317718 0)
(0.72731 -0.00849393 0)
(0.72109 -0.0128651 0)
(0.717829 -0.0174831 0)
(0.706021 -0.0197509 6.42704e-19)
(0.693433 -0.0211737 -1.1496e-18)
(0.680057 -0.0207171 0)
(0.667689 -0.0186932 0)
(0.657164 -0.0155492 -1.38289e-18)
(0.649008 -0.0116802 1.54627e-18)
(0.643567 -0.00734766 -8.22551e-19)
(0.640999 -0.00289236 1.23578e-23)
(0.640942 0.00147021 1.26014e-23)
(0.643377 0.00603335 0)
(0.648824 0.0105301 0)
(0.656953 0.0142877 0)
(0.666831 0.0170879 1.07714e-18)
(0.677784 0.0189689 0)
(0.689536 0.0199381 -1.27008e-18)
(0.701514 0.0195476 4.48654e-24)
(0.712647 0.0177522 -4.45644e-24)
(0.722237 0.0148266 1.55311e-22)
(0.729709 0.0109108 0)
(0.734583 0.00635789 -2.11345e-24)
(0.736623 0.00159551 2.1416e-24)
(0.736413 -0.00316499 0)
(0.73302 -0.0084556 -8.9359e-26)
(0.726997 -0.0128024 9.11363e-26)
(0.723856 -0.0173826 0)
(0.712345 -0.0196426 -6.36695e-19)
(0.700061 -0.0210649 -1.4796e-21)
(0.68699 -0.0206182 0)
(0.674888 -0.0186135 1.9149e-23)
(0.664566 -0.0154893 2.75234e-18)
(0.656517 -0.0116384 -1.54258e-18)
(0.651103 -0.00732284 8.21464e-19)
(0.64848 -0.00288091 0)
(0.648309 0.0014699 -1.24822e-23)
(0.650581 0.0060141 1.22307e-23)
(0.655811 0.0104852 0)
(0.663687 0.0142194 4.53979e-24)
(0.673305 0.0170018 1.07591e-18)
(0.684007 0.0188666 0)
(0.695522 0.0198214 2.53962e-18)
(0.707289 0.0194264 3.9324e-24)
(0.718245 0.0176383 1.41979e-24)
(0.727704 0.0147293 -1.57339e-22)
(0.735101 0.0108384 4.1672e-24)
(0.739955 0.00631584 1.24421e-19)
(0.742028 0.00157964 -2.24789e-24)
(0.741891 -0.00315237 -7.32599e-20)
(0.738629 -0.00841261 -1.26545e-19)
(0.732785 -0.0127311 0)
(0.729762 -0.0172687 0)
(0.718534 -0.0195183 6.35939e-19)
(0.706544 -0.0209377 1.13181e-18)
(0.693777 -0.0205005 -5.48657e-24)
(0.681942 -0.0185165 1.89985e-23)
(0.671836 -0.0154145 -1.36918e-18)
(0.663917 -0.0115849 -1.53388e-18)
(0.65855 -0.00728984 0)
(0.655898 -0.00286478 0)
(0.655638 0.00147112 0)
(0.657769 0.00599298 0)
(0.6628 0.0104349 -5.28875e-24)
(0.670434 0.0141432 5.16958e-24)
(0.6798 0.0169057 -1.07861e-18)
(0.690255 0.0187528 0)
(0.701531 0.019692 -1.27117e-18)
(0.713081 0.0192923 -4.03578e-19)
(0.723851 0.0175123 0)
(0.733166 0.0146212 0)
(0.740475 0.0107574 -2.98419e-24)
(0.745294 0.00626804 -1.23945e-19)
(0.747384 0.00156109 1.39415e-25)
(0.7473 -0.00313908 7.64472e-22)
(0.744152 -0.00836474 1.25669e-19)
(0.738468 -0.0126511 0)
(0.735562 -0.017141 3.35136e-25)
(0.7246 -0.0193779 -6.31084e-19)
(0.712893 -0.0207922 0)
(0.700424 -0.0203641 1.49932e-23)
(0.688856 -0.0184021 -1.52551e-23)
(0.678974 -0.0153249 0)
(0.671202 -0.0115196 1.53062e-18)
(0.665903 -0.00724885 8.15182e-19)
(0.663244 -0.0028443 2.08673e-19)
(0.662918 0.00147341 -1.26921e-23)
(0.66493 0.00596947 -1.22365e-23)
(0.669781 0.0103789 0)
(0.677189 0.0140584 0)
(0.686312 0.0167992 -1.07889e-18)
(0.696526 0.0186271 5.75669e-24)
(0.707563 0.0195495 -5.66222e-24)
(0.718891 0.0191449 8.09226e-19)
(0.729472 0.017374 0)
(0.738633 0.0145023 0)
(0.745839 0.0106679 0)
(0.75061 0.00621468 4.0515e-24)
(0.752703 0.00154013 -1.90747e-24)
(0.752656 -0.00312483 7.17434e-20)
(0.749604 -0.0083117 -1.21553e-19)
(0.744062 -0.0125623 -1.69498e-25)
(0.741272 -0.0169995 0)
(0.730559 -0.0192212 3.16035e-19)
(0.719119 -0.020628 1.06385e-23)
(0.706941 -0.020209 -1.08357e-23)
(0.695636 -0.0182703 0)
(0.685979 -0.0152205 0)
(0.678371 -0.0114428 2.41075e-23)
(0.673156 -0.0072001 -8.1446e-19)
(0.670509 -0.00281982 -3.96389e-22)
(0.670139 0.00147626 -2.51423e-23)
(0.672055 0.00594293 -7.92767e-19)
(0.676744 0.0103164 5.75456e-24)
(0.683943 0.0139645 1.28513e-18)
(0.692834 0.0166815 1.79361e-21)
(0.702814 0.0184888 -8.63874e-19)
(0.713615 0.0193935 -1.36797e-23)
(0.72472 0.018984 5.40602e-22)
(0.735108 0.0172233 0)
(0.744108 0.0143727 -1.02719e-24)
(0.751201 0.01057 -6.98537e-20)
(0.755912 0.00615594 4.00048e-24)
(0.757995 0.00151704 -4.03607e-24)
(0.75797 -0.0031093 0)
(0.754998 -0.00825311 2.40318e-19)
(0.749582 -0.0124642 0)
(0.746905 -0.0168436 3.40574e-25)
(0.736423 -0.019048 -3.14365e-19)
(0.725235 -0.0204452 -3.35276e-24)
(0.713339 -0.020035 0)
(0.702291 -0.0181212 -3.71864e-23)
(0.692856 -0.0151014 8.1194e-23)
(0.685421 -0.0113548 -9.17519e-23)
(0.680305 -0.00714383 4.77853e-23)
(0.677686 -0.00279175 -4.49445e-22)
(0.677293 0.0014791 -1.2447e-23)
(0.679133 0.00591267 7.94692e-19)
(0.68368 0.0102466 0)
(0.690685 0.0138605 -1.29008e-18)
(0.69936 0.0165519 1.08623e-18)
(0.709114 0.0183374 1.73428e-18)
(0.719684 0.0192235 -6.40399e-19)
(0.730567 0.018809 -4.08203e-19)
(0.74076 0.0170597 -1.53464e-24)
(0.749597 0.0142323 -1.00253e-20)
(0.756565 0.0104638 1.46777e-21)
(0.761206 0.00609198 -1.08459e-24)
(0.763269 0.00149208 3.98363e-24)
(0.763253 -0.00309211 9.73065e-25)
(0.760346 -0.00818857 -1.18957e-19)
(0.755039 -0.0123565 1.61565e-25)
(0.752474 -0.0166729 0)
(0.742207 -0.0188578 0)
(0.731255 -0.0202434 0)
(0.719629 -0.0198418 0)
(0.708829 -0.0179544 1.10572e-18)
(0.699611 -0.0149677 3.74948e-23)
(0.692353 -0.0112556 -4.77943e-23)
(0.687347 -0.00708031 8.07799e-19)
(0.684771 -0.00276047 -2.07845e-19)
(0.68437 0.00148133 -2.05713e-19)
(0.686155 0.00587793 -1.17619e-23)
(0.690578 0.0101687 1.15336e-23)
(0.697406 0.0137456 0)
(0.705879 0.0164094 0)
(0.71542 0.0181718 -8.70919e-19)
(0.725766 0.0190387 6.43677e-19)
(0.736429 0.0186195 -4.1131e-19)
(0.746426 0.0168829 -9.17743e-24)
(0.755099 0.0140809 1.00666e-20)
(0.761937 0.0103493 6.86784e-20)
(0.7665 0.00602294 3.90624e-24)
(0.768531 0.00146554 -3.93353e-24)
(0.768514 -0.00307291 0)
(0.76566 -0.00811756 1.55451e-25)
(0.760446 -0.0122389 -1.5772e-25)
(0.757991 -0.0164869 0)
(0.747925 -0.0186502 0)
(0.737192 -0.0200221 0)
(0.725823 -0.0196293 2.92504e-23)
(0.715262 -0.0177698 -1.10214e-18)
(0.706253 -0.0148191 -4.2995e-23)
(0.69917 -0.0111454 4.33618e-23)
(0.694282 -0.00700978 -1.61257e-18)
(0.69176 -0.00272637 -4.97359e-23)
(0.691366 0.00148236 4.11557e-19)
(0.693112 0.00583789 -1.27306e-23)
(0.69743 0.0100817 -1.46631e-18)
(0.704096 0.0136186 -5.21332e-24)
(0.712382 0.0162529 0)
(0.721722 0.0179912 0)
(0.731854 0.0188382 0)
(0.742301 0.0184148 -6.71425e-22)
(0.752105 0.0166924 1.98475e-19)
(0.760612 0.0139182 1.8293e-24)
(0.767318 0.0102265 3.71869e-24)
(0.771795 0.00594897 -1.1443e-19)
(0.773788 0.00143768 -3.8852e-24)
(0.77376 -0.00305129 0)
(0.770948 -0.00803955 -1.12716e-19)
(0.765814 -0.0121106 -3.07847e-25)
(0.763465 -0.016285 0)
(0.753588 -0.0184245 0)
(0.743059 -0.0197808 0)
(0.731931 -0.019397 0)
(0.7216 -0.017567 -1.09501e-18)
(0.712791 -0.0146556 0)
(0.705878 -0.011024 1.49455e-18)
(0.701112 -0.00693245 8.04965e-19)
(0.698653 -0.00268983 -2.06605e-19)
(0.698277 0.00148163 -2.05834e-19)
(0.699997 0.00579176 -1.27309e-23)
(0.704225 0.00998472 1.47166e-18)
(0.710747 0.0134786 0)
(0.718859 0.0160813 -1.51604e-23)
(0.728012 0.0177943 8.76716e-19)
(0.73794 0.018621 1.6363e-23)
(0.748177 0.0181939 4.16654e-19)
(0.75779 0.0164875 -1.99639e-19)
(0.766135 0.0137437 -1.80023e-20)
(0.772707 0.0100952 0)
(0.777094 0.00587014 1.71374e-19)
(0.779043 0.00140878 1.69991e-20)
(0.778997 -0.00302685 0)
(0.776218 -0.00795398 2.29593e-21)
(0.771153 -0.0119713 -3.00291e-25)
(0.768906 -0.0160663 7.18691e-25)
(0.759208 -0.0181801 -7.3049e-25)
(0.748869 -0.0195188 0)
(0.737968 -0.0191444 0)
(0.727855 -0.0173457 1.09332e-18)
(0.719235 -0.0144766 0)
(0.712484 -0.0108915 -4.16821e-21)
(0.70784 -0.00684848 -2.56959e-24)
(0.705449 -0.00265121 2.06782e-19)
(0.7051 0.00147859 5.00741e-23)
(0.706805 0.00573876 -1.17578e-23)
(0.710958 0.00987667 1.15673e-23)
(0.717348 0.0133244 0)
(0.7253 0.0158933 0)
(0.73428 0.0175799 -8.81919e-19)
(0.744016 0.0183862 0)
(0.754051 0.0179562 -4.20918e-19)
(0.763477 0.0162675 -9.45435e-24)
(0.771663 0.013557 -2.9234e-21)
(0.778103 0.00995533 6.28349e-20)
(0.782398 0.00578649 -5.67576e-20)
(0.784298 0.00137909 -1.7074e-20)
(0.784227 -0.00299919 6.53133e-20)
(0.781475 -0.00786025 1.10947e-19)
(0.77647 -0.01182 2.92703e-25)
(0.774322 -0.0158302 -7.31484e-25)
(0.764793 -0.0179162 7.37233e-24)
(0.754633 -0.0192354 -6.73314e-24)
(0.743945 -0.0188708 0)
(0.734037 -0.0171052 0)
(0.725597 -0.0142819 8.49284e-23)
(0.718998 -0.0107476 -2.97115e-18)
(0.714472 -0.00675787 4.70948e-23)
(0.712151 -0.00261077 -5.04099e-23)
(0.711835 0.00147274 2.05072e-19)
(0.713534 0.00567818 -3.62471e-23)
(0.717621 0.00975663 1.15782e-23)
(0.723894 0.0131549 1.30068e-18)
(0.731698 0.0156877 0)
(0.740516 0.0173467 8.84198e-19)
(0.750072 0.0181324 1.16699e-23)
(0.759913 0.0177005 8.48614e-19)
(0.769159 0.0160315 2.08344e-19)
(0.777189 0.0133573 2.11839e-20)
(0.783501 0.00980638 -6.32675e-20)
(0.787705 0.00569795 -5.49574e-20)
(0.789554 0.00134882 -4.01397e-24)
(0.789453 -0.00296789 -6.56156e-20)
(0.786721 -0.00775774 -2.81792e-25)
(0.781771 -0.0116563 -7.88489e-20)
(0.779717 -0.0155758 -7.45675e-25)
(0.770349 -0.017632 7.57071e-25)
(0.760358 -0.0189297 -2.09833e-23)
(0.749872 -0.0185754 2.1334e-23)
(0.740156 -0.0168449 7.25184e-23)
(0.731887 -0.0140709 1.30629e-18)
(0.72543 -0.0105918 2.96267e-18)
(0.721014 -0.00666053 0)
(0.718762 -0.00256871 0)
(0.718482 0.00146363 -2.05501e-19)
(0.72018 0.00560932 0)
(0.724211 0.00962368 -1.47151e-18)
(0.730377 0.0129689 -1.30728e-18)
(0.738045 0.0154632 -6.20505e-24)
(0.746712 0.0170934 -8.89752e-19)
(0.756099 0.0178582 -2.34726e-23)
(0.765756 0.0174257 -4.27872e-19)
(0.774829 0.0157788 -2.09908e-19)
(0.782708 0.0131441 -5.05559e-24)
(0.788896 0.00964794 6.65201e-24)
(0.793012 0.00560438 1.09507e-19)
(0.79481 0.00131817 0)
(0.794676 -0.00293254 -1.77773e-24)
(0.791961 -0.00764584 -1.04247e-19)
(0.787059 -0.0114793 7.91974e-20)
(0.785097 -0.0153022 -7.61268e-25)
(0.775884 -0.0173266 7.72424e-25)
(0.766053 -0.0186007 0)
(0.755758 -0.0182575 0)
(0.746224 -0.016564 1.08455e-18)
(0.738114 -0.0138429 -1.30794e-18)
(0.731789 -0.0104238 -1.48065e-18)
(0.727475 -0.0065562 7.94681e-19)
(0.725288 -0.0025251 0)
(0.725045 0.00145088 0)
(0.726747 0.00553158 -7.92493e-19)
(0.730727 0.00947698 1.47816e-18)
(0.736793 0.0127655 -8.04739e-24)
(0.744335 0.0152187 2.91663e-24)
(0.75286 0.0168186 8.92241e-19)
(0.762089 0.0175624 6.76513e-24)
(0.771572 0.0171306 -4.33029e-19)
(0.780479 0.0155082 -2.16259e-19)
(0.788213 0.0129165 4.69689e-24)
(0.794282 0.00947945 7.80144e-24)
(0.798314 0.00550553 -1.24636e-21)
(0.800062 0.00128724 7.29633e-24)
(0.799894 -0.00289276 0)
(0.797192 -0.00752392 1.04856e-19)
(0.792336 -0.0112883 2.68993e-25)
(0.790462 -0.0150084 1.55652e-24)
(0.781399 -0.0169989 -1.57827e-24)
(0.771722 -0.0182474 0)
(0.761611 -0.0179159 5.80182e-23)
(0.752248 -0.0162617 -1.08742e-18)
(0.744287 -0.0135972 -1.30244e-18)
(0.738085 -0.0102429 -8.52061e-23)
(0.733863 -0.0064445 -7.96208e-19)
(0.731735 -0.00247988 -5.02355e-23)
(0.731527 0.00143421 4.99902e-23)
(0.733234 0.0054444 7.95718e-19)
(0.737167 0.00931576 -1.47504e-18)
(0.74314 0.0125435 -1.86328e-23)
(0.750564 0.0149529 1.11309e-18)
(0.758954 0.016521 -1.82728e-21)
(0.768032 0.0172436 6.70401e-19)
(0.77735 0.0168139 4.36553e-19)
(0.786101 0.0152187 2.18017e-19)
(0.793695 0.0126736 -2.49035e-24)
(0.799652 0.00930029 -7.5058e-24)
(0.803604 0.00540109 -5.3776e-20)
(0.805305 0.00125608 0)
(0.805104 -0.00284821 1.71901e-24)
(0.802416 -0.00739135 -9.97488e-20)
(0.797602 -0.0110825 -6.62498e-20)
(0.795812 -0.0146937 1.59329e-24)
(0.786896 -0.0166481 -1.6144e-24)
(0.777369 -0.0178688 0)
(0.767435 -0.0175497 0)
(0.758235 -0.015937 0)
(0.750415 -0.013333 1.30652e-18)
(0.744326 -0.0100483 0)
(0.740187 -0.00632494 0)
(0.738111 -0.00243287 -2.05028e-19)
(0.737933 0.00141346 -2.0479e-19)
(0.739644 0.00534733 2.553e-23)
(0.743533 0.00913932 1.483e-18)
(0.749416 0.0123021 1.31335e-18)
(0.756727 0.0146646 -1.12067e-18)
(0.764989 0.0161993 -9.03194e-19)
(0.773924 0.0169003 -6.75672e-19)
(0.783084 0.0164742 4.42299e-19)
(0.791686 0.014909 2.0175e-23)
(0.799148 0.0124145 3.95711e-20)
(0.804999 0.00910975 0)
(0.808876 0.00529065 -5.15686e-20)
(0.810533 0.00122466 -1.57672e-20)
(0.810302 -0.00279861 -3.37577e-24)
(0.807627 -0.00724755 1.00491e-19)
(0.802857 -0.0108612 6.67081e-20)
(0.801147 -0.0143569 -1.63283e-24)
(0.792375 -0.0162729 1.65323e-24)
(0.782995 -0.0174638 0)
(0.773233 -0.0171577 0)
(0.76419 -0.0155889 0)
(0.756502 -0.0130492 -1.30267e-18)
(0.750518 -0.00983942 0)
(0.746454 -0.00619693 0)
(0.744422 -0.00238378 6.86489e-22)
(0.744269 0.00138857 2.05741e-19)
(0.745982 0.00524002 2.55653e-23)
(0.749825 0.00894706 2.3324e-23)
(0.75562 0.0120403 -1.32192e-18)
(0.762822 0.0143527 -1.85102e-23)
(0.770961 0.0158523 0)
(0.779757 0.0165314 0)
(0.788767 0.0161102 1.19537e-21)
(0.797227 0.014578 -2.04758e-23)
(0.804564 0.0121381 -3.99406e-20)
(0.810314 0.00890708 5.21112e-20)
(0.814121 0.00517374 5.20342e-20)
(0.815741 0.00119287 3.82452e-22)
(0.815482 -0.00274371 0)
(0.812823 -0.00709195 4.80832e-25)
(0.808095 -0.0106235 -4.85089e-25)
(0.806463 -0.0139973 0)
(0.797834 -0.0158724 3.4476e-19)
(0.788599 -0.0170313 2.88809e-23)
(0.779007 -0.0167389 -8.41541e-19)
(0.770115 -0.0152161 7.26955e-23)
(0.762553 -0.0127448 1.3089e-18)
(0.756666 -0.00961523 0)
(0.752669 -0.0060598 -9.87125e-23)
(0.750674 -0.00233222 2.06054e-19)
(0.75054 0.0013596 0)
(0.75225 0.00512218 2.36265e-23)
(0.756047 0.00873844 -2.33786e-23)
(0.761754 0.0117574 0)
(0.768848 0.0140163 3.13293e-23)
(0.776868 0.0154788 -9.11759e-19)
(0.785529 0.0161355 0)
(0.794393 0.0157206 -9.03988e-19)
(0.802716 0.0142245 0)
(0.809935 0.0118434 -4.87294e-20)
(0.815591 0.00869145 -1.02541e-19)
(0.819333 0.00504984 0)
(0.820919 0.00116055 1.56804e-20)
(0.820637 -0.00268337 0)
(0.817996 -0.00692402 -4.61971e-25)
(0.813314 -0.0103687 4.65812e-25)
(0.811754 -0.0136138 0)
(0.803269 -0.0154455 -3.4746e-19)
(0.794178 -0.01657 1.42881e-23)
(0.784753 -0.0162921 8.47319e-19)
(0.77601 -0.0148177 0)
(0.76857 -0.0124188 1.69373e-22)
(0.762774 -0.00937485 -7.37283e-19)
(0.758837 -0.00591283 7.93683e-19)
(0.756872 -0.00227772 1.91915e-24)
(0.756751 0.00132666 2.05337e-19)
(0.758453 0.00499365 -7.97142e-19)
(0.7622 0.00851301 7.43819e-19)
(0.767818 0.0114527 -1.32686e-18)
(0.774804 0.0136543 0)
(0.782706 0.0150777 9.19701e-19)
(0.791236 0.0157115 0)
(0.799957 0.0153042 4.56907e-19)
(0.808148 0.0138471 0)
(0.815253 0.0115294 4.92198e-20)
(0.82082 0.00846201 5.04259e-20)
(0.824503 0.00491836 0)
(0.826061 0.00112745 0)
(0.82576 -0.00261746 0)
(0.823142 -0.00674328 -4.42164e-25)
(0.818506 -0.0100961 4.45613e-25)
(0.817014 -0.0132056 1.76777e-24)
(0.808673 -0.014991 -1.78616e-24)
(0.799728 -0.016079 4.36772e-23)
(0.79047 -0.015816 1.48756e-23)
(0.781873 -0.0143924 8.64388e-23)
(0.774551 -0.0120701 -1.47833e-22)
(0.768841 -0.00911731 7.41778e-19)
(0.76496 -0.00575525 -7.98411e-19)
(0.763018 -0.00221978 2.05532e-19)
(0.762903 0.00128994 -4.12488e-19)
(0.764593 0.00485429 8.02687e-19)
(0.768286 0.00827041 -7.49426e-19)
(0.773813 0.0111256 2.67011e-18)
(0.78069 0.0132658 1.13902e-18)
(0.788475 0.0146478 0)
(0.796874 0.0152581 0)
(0.805455 0.0148598 4.64174e-19)
(0.813516 0.0134448 0)
(0.820512 0.0111948 -5.89721e-20)
(0.825994 0.00821787 -2.25045e-24)
(0.829622 0.00477865 -1.31779e-23)
(0.831157 0.00109332 -1.47365e-20)
(0.830842 -0.00254592 0)
(0.82825 -0.00654932 0)
(0.823664 -0.00980503 0)
(0.822236 -0.0127718 0)
(0.814041 -0.0145079 -3.61264e-19)
(0.805242 -0.0155571 5.97555e-19)
(0.796151 -0.0153095 0)
(0.7877 -0.0139389 -1.10133e-18)
(0.780493 -0.0116975 -1.31318e-18)
(0.774866 -0.00884164 -7.40113e-19)
(0.771035 -0.00558627 1.98393e-22)
(0.769113 -0.00215785 -2.07334e-19)
(0.768999 0.00124966 2.07189e-19)
(0.770672 0.00470405 5.16299e-23)
(0.774307 0.00801029 -7.48646e-19)
(0.77974 0.0107754 -1.34408e-18)
(0.786505 0.0128501 -2.29518e-18)
(0.794172 0.0141882 9.30533e-19)
(0.80244 0.0147743 -4.95913e-23)
(0.810882 0.0143863 -4.6898e-19)
(0.818816 0.0130164 2.52199e-19)
(0.825705 0.0108387 5.96178e-20)
(0.831106 0.00795814 -1.68698e-23)
(0.834684 0.00463007 1.68465e-23)
(0.8362 0.00105783 1.49109e-20)
(0.835875 -0.00246872 0)
(0.833314 -0.00634176 0)
(0.828782 -0.00949473 -1.75602e-20)
(0.82741 -0.0123118 3.74185e-24)
(0.819364 -0.0139951 3.64821e-19)
(0.810712 -0.0150032 -6.03188e-19)
(0.801789 -0.0147713 0)
(0.793483 -0.0134562 2.21678e-18)
(0.786389 -0.0112999 1.32324e-18)
(0.780844 -0.00854686 7.45623e-19)
(0.777061 -0.0054051 -3.99256e-19)
(0.775155 -0.00209142 0)
(0.775037 0.00120604 -2.06968e-19)
(0.776687 0.00454285 4.77735e-23)
(0.780261 0.00773237 7.55133e-19)
(0.785597 0.0104018 2.1663e-23)
(0.792249 0.0124064 2.30973e-18)
(0.799796 0.0136978 -9.39978e-19)
(0.807933 0.0142591 7.26714e-23)
(0.816235 0.0138826 -7.20097e-23)
(0.824044 0.0125608 -2.55101e-19)
(0.830827 0.0104601 1.97145e-23)
(0.83615 0.00768197 0)
(0.83968 0.00447196 -4.48711e-20)
(0.841181 0.00102066 0)
(0.84085 -0.00238586 0)
(0.838323 -0.00612026 0)
(0.833848 -0.00916458 1.77463e-20)
(0.832525 -0.0118246 0)
(0.82463 -0.0134516 0)
(0.816129 -0.0144161 0)
(0.807373 -0.0142002 0)
(0.799212 -0.012943 -2.22834e-18)
(0.792233 -0.0108762 1.32273e-18)
(0.786768 -0.00823198 1.88897e-22)
(0.783031 -0.00521096 4.02252e-19)
(0.781138 -0.00201995 0)
(0.781013 0.00115928 2.08677e-19)
(0.782637 0.00437064 0)
(0.786146 0.00743631 -4.39742e-23)
(0.791382 0.0100039 4.35535e-23)
(0.797918 0.0119338 -1.16479e-18)
(0.805343 0.0131758 5.09803e-23)
(0.813347 0.0137113 -5.04867e-23)
(0.82151 0.0133475 0)
(0.829193 0.012077 -2.06054e-23)
(0.835872 0.010058 3.82736e-20)
(0.841118 0.00738855 0)
(0.844603 0.00430369 1.87259e-21)
(0.846091 0.000981503 -2.57008e-23)
(0.845757 -0.0022973 1.9133e-23)
(0.843269 -0.00588452 -6.4246e-24)
(0.838855 -0.00881392 1.13464e-20)
(0.837572 -0.0113096 0)
(0.82983 -0.0128762 3.02988e-23)
(0.82148 -0.0137948 -6.19849e-19)
(0.812893 -0.0135951 0)
(0.804878 -0.0123981 4.35155e-21)
(0.798012 -0.0104252 -1.33457e-18)
(0.792628 -0.00789604 1.73171e-22)
(0.788936 -0.00500309 0)
(0.787054 -0.00194297 2.08156e-19)
(0.78692 0.00110955 -2.08469e-19)
(0.788515 0.0041873 4.05093e-19)
(0.791956 0.00712179 0)
(0.79709 0.00958141 0)
(0.803508 0.0114316 0)
(0.810809 0.0126211 -5.14605e-23)
(0.818679 0.0131301 1.25434e-22)
(0.826702 0.0127801 -1.20404e-22)
(0.83426 0.011564 -2.72326e-19)
(0.840835 0.00963155 -3.87493e-20)
(0.846004 0.0070771 1.48895e-23)
(0.849444 0.00412469 4.40891e-20)
(0.850922 0.000940066 -6.77287e-21)
(0.850588 -0.00220303 0)
(0.84814 -0.00563423 7.41279e-20)
(0.84379 -0.00844208 -1.14773e-20)
(0.842537 -0.010766 0)
(0.83495 -0.0122679 -3.88586e-19)
(0.826753 -0.0131382 -1.40622e-21)
(0.818334 -0.0129546 0)
(0.810466 -0.0118203 2.25414e-18)
(0.803714 -0.00994587 0)
(0.79841 -0.00753809 -3.80595e-22)
(0.794764 -0.00478078 3.81483e-22)
(0.792893 -0.00186004 -1.07531e-21)
(0.792748 0.00105696 2.10514e-19)
(0.794312 0.0039927 -4.09102e-19)
(0.797683 0.0067884 0)
(0.802713 0.00913352 0)
(0.809012 0.0108989 0)
(0.816187 0.0120328 1.03942e-22)
(0.823921 0.0125142 -1.03004e-22)
(0.831805 0.0121792 -4.99676e-19)
(0.839236 0.0110207 -3.92531e-21)
(0.845707 0.00917979 0)
(0.8508 0.00674691 0)
(0.854197 0.00393442 4.0723e-20)
(0.855665 0.000896114 6.83426e-21)
(0.855332 -0.00210294 2.49423e-20)
(0.852927 -0.00536908 -4.37142e-21)
(0.848643 -0.00804837 -6.07524e-25)
(0.847408 -0.0101931 0)
(0.839975 -0.0116256 7.89436e-19)
(0.831931 -0.0124451 1.27157e-18)
(0.823682 -0.0122776 -8.90761e-19)
(0.815961 -0.0112083 -1.13635e-18)
(0.809323 -0.00943696 -6.70575e-19)
(0.804099 -0.00715716 7.53688e-19)
(0.800499 -0.00454332 -3.8313e-22)
(0.798639 -0.00177076 -2.10984e-19)
(0.798484 0.00100156 -2.10305e-19)
(0.800014 0.0037866 0)
(0.803315 0.00643566 0)
(0.808241 0.00865953 3.93811e-23)
(0.814419 0.0103348 2.71827e-23)
(0.821467 0.0114099 -6.56497e-23)
(0.829066 0.0118627 -7.4179e-19)
(0.836809 0.0115439 -1.73155e-21)
(0.844114 0.0104461 2.83479e-19)
(0.850482 0.00870185 4.83155e-20)
(0.855498 0.00639725 -4.20907e-24)
(0.85885 0.00373241 -8.05221e-20)
(0.860309 0.000849469 3.49613e-23)
(0.859979 -0.00199688 -2.52761e-20)
(0.857616 -0.00508869 -7.1554e-20)
(0.8534 -0.00763202 0)
(0.852169 -0.00958993 4.34652e-24)
(0.84489 -0.0109479 3.12012e-21)
(0.836999 -0.0117145 -6.43916e-19)
(0.828917 -0.0115626 9.0066e-19)
(0.821343 -0.010561 0)
(0.814819 -0.00889737 6.77069e-19)
(0.809677 -0.0067523 -7.60322e-19)
(0.806122 -0.00429004 0)
(0.804275 -0.00167478 -2.06856e-22)
(0.804109 0.000943332 2.12446e-19)
(0.805607 0.00356871 2.0369e-22)
(0.808837 0.00606302 -4.49674e-23)
(0.813659 0.00815859 1.23999e-22)
(0.819717 0.00973818 -7.8724e-23)
(0.826639 0.010751 -9.81019e-19)
(0.834102 0.0111743 7.5135e-19)
(0.841704 0.0108728 5.14853e-19)
(0.848883 0.00983918 0)
(0.855147 0.00819677 -4.89804e-20)
(0.860087 0.0060274 3.12013e-23)
(0.863395 0.00351823 3.9748e-20)
(0.864843 0.000800012 6.21211e-21)
(0.864515 -0.00188462 -2.34549e-20)
(0.862196 -0.00479262 0)
(0.858048 -0.00719218 0)
(0.856804 -0.00895565 0)
(0.849676 -0.0102336 3.16034e-21)
(0.841936 -0.010945 1.27443e-22)
(0.83402 -0.0108085 1.54485e-22)
(0.826591 -0.00987693 5.31281e-23)
(0.820182 -0.00832592 6.77779e-19)
(0.815119 -0.00632255 -3.85795e-22)
(0.811612 -0.00402029 7.9436e-22)
(0.809777 -0.00157179 -6.15572e-22)
(0.809602 0.000882205 2.0757e-22)
(0.811068 0.00333863 0)
(0.814228 0.00566976 4.52603e-23)
(0.818948 0.00762974 -4.49651e-23)
(0.824887 0.00910791 -6.03867e-19)
(0.831683 0.0100549 9.93814e-19)
(0.839012 0.0104477 -1.5732e-22)
(0.846475 0.0101646 2.62981e-19)
(0.853529 0.00919862 1.51914e-19)
(0.85969 0.00766357 0)
(0.864553 0.00563662 -1.04838e-20)
(0.867817 0.00329144 0)
(0.869254 0.000747668 -6.29812e-21)
(0.868928 -0.00176582 4.64665e-20)
(0.866651 -0.00448032 0)
(0.862571 -0.00672787 -6.22602e-21)
(0.861292 -0.00828915 0)
(0.854311 -0.00948111 -4.17789e-19)
(0.84672 -0.0101353 -9.60077e-23)
(0.838966 -0.0100136 9.67326e-23)
(0.83168 -0.00915482 -5.7811e-19)
(0.825383 -0.00772139 -6.85392e-19)
(0.820401 -0.00586692 3.87783e-22)
(0.81694 -0.0037334 -4.11782e-19)
(0.81512 -0.00146151 -1.0567e-19)
(0.814936 0.000818036 -1.07014e-19)
(0.816371 0.00309585 -2.05986e-22)
(0.819464 0.00525505 -7.80716e-19)
(0.824084 0.00707186 -9.97937e-24)
(0.829908 0.00844265 6.1153e-19)
(0.83658 0.0093202 1.0858e-22)
(0.843777 0.00968138 -1.07777e-22)
(0.851104 0.00941806 -2.66523e-19)
(0.858034 0.00852318 -1.54082e-19)
(0.864093 0.00710115 5.93942e-20)
(0.868881 0.0052241 1.94402e-20)
(0.872099 0.0030516 -2.21119e-23)
(0.873524 0.000692389 2.25929e-23)
(0.8732 -0.00164007 -2.30306e-20)
(0.870964 -0.00415115 -2.80336e-20)
(0.86695 -0.00623796 6.30927e-21)
(0.865609 -0.00758911 -9.51053e-24)
(0.858771 -0.00868878 9.57174e-24)
(0.851324 -0.00928358 0)
(0.843726 -0.00917628 0)
(0.836579 -0.00839306 5.8504e-19)
(0.830393 -0.00708244 4.41597e-23)
(0.82549 -0.00538438 -3.5672e-22)
(0.822076 -0.0034287 4.15315e-19)
(0.820271 -0.0013437 1.08053e-19)
(0.820079 0.000750621 1.0755e-19)
(0.821484 0.00283976 0)
(0.824514 0.00481795 7.90066e-19)
(0.829038 0.00648367 -1.72554e-22)
(0.83475 0.00774091 -5.67371e-23)
(0.841303 0.00854514 1.36549e-22)
(0.848371 0.00887366 -1.62056e-22)
(0.855565 0.00863138 -2.71988e-19)
(0.862375 0.00781138 -1.60604e-19)
(0.868334 0.0065083 2.96024e-21)
(0.873048 0.00478896 -8.90199e-21)
(0.876221 0.00279823 0)
(0.877633 0.000634128 2.18523e-23)
(0.87731 -0.0015069 -3.05077e-23)
(0.875112 -0.00380437 2.84301e-20)
(0.871162 -0.00572115 -1.37072e-20)
(0.869726 -0.00685403 0)
(0.863024 -0.00785464 -2.19068e-19)
(0.855716 -0.00838809 3.41565e-19)
(0.848267 -0.00829465 -1.97975e-22)
(0.841254 -0.00758989 0)
(0.835174 -0.00640759 0)
(0.830347 -0.00487379 3.85801e-19)
(0.82698 -0.00310548 7.85924e-22)
(0.825191 -0.00121809 -4.22506e-22)
(0.824993 0.000679689 4.22217e-22)
(0.826371 0.00256963 0)
(0.82934 0.00435732 0)
(0.833774 0.00586371 -7.15953e-19)
(0.839379 0.00700097 1.38849e-22)
(0.845816 0.00772791 8.43338e-23)
(0.852761 0.00802266 3.95292e-19)
(0.859829 0.00780277 -9.50021e-22)
(0.866523 0.00706155 1.628e-19)
(0.872385 0.00588365 -6.41416e-20)
(0.877027 0.00433017 0)
(0.880156 0.00253078 0)
(0.881554 0.000572813 5.46933e-21)
(0.881231 -0.0013658 2.04202e-20)
(0.879069 -0.00343912 5.37545e-25)
(0.87518 -0.005176 1.38921e-20)
(0.873607 -0.00608211 1.00588e-23)
(0.867032 -0.00697647 2.2191e-19)
(0.859854 -0.00744661 5.10022e-22)
(0.852546 -0.00736651 2.59113e-22)
(0.84566 -0.00674331 -2.60537e-22)
(0.839681 -0.0056952 7.19216e-22)
(0.834928 -0.0043339 -3.32071e-21)
(0.831605 -0.00276295 7.90237e-22)
(0.829833 -0.00108446 -1.08289e-19)
(0.829629 0.000604898 0)
(0.830983 0.00228461 4.23314e-19)
(0.833896 0.00387188 0)
(0.838245 0.00521031 7.24433e-19)
(0.843749 0.00622091 8.21863e-23)
(0.850079 0.0068664 5.17501e-19)
(0.856908 0.00712624 -4.01047e-19)
(0.863855 0.00693017 5.62927e-19)
(0.87044 0.00627185 1.16143e-22)
(0.87621 0.00522569 -3.54773e-20)
(0.880783 0.00384661 -2.93577e-23)
(0.883869 0.0022486 0)
(0.885252 0.000508333 -8.19529e-21)
(0.884929 -0.00121625 -1.08547e-20)
(0.8828 -0.00305446 -2.26671e-20)
(0.878968 -0.00460087 1.04993e-20)
(0.877205 -0.0052713 -1.13942e-19)
(0.870746 -0.00605177 -7.02146e-23)
(0.86369 -0.00645658 -7.00784e-19)
(0.856511 -0.00638934 0)
(0.849743 -0.00585101 6.31968e-22)
(0.843858 -0.00494335 -3.50341e-19)
(0.839174 -0.00376329 -1.69157e-21)
(0.835894 -0.00240027 2.10845e-19)
(0.834138 -0.000942558 2.1788e-19)
(0.833931 0.000525882 -4.27155e-22)
(0.835263 0.00198378 -4.27819e-19)
(0.838125 0.0033602 4.00969e-19)
(0.842396 0.00452157 9.33203e-23)
(0.847808 0.00539853 -6.32027e-19)
(0.854038 0.00595823 -5.23935e-19)
(0.860759 0.00618196 4.05687e-19)
(0.867595 0.00601122 8.74524e-22)
(0.874078 0.00544017 -1.20003e-22)
(0.879763 0.00453268 -1.18519e-21)
(0.884271 0.003337 2.14832e-21)
(0.887316 0.00195098 0)
(0.888685 0.000440534 2.68429e-21)
(0.888361 -0.0010577 -9.98076e-21)
(0.88626 -0.00264936 2.29635e-20)
(0.88248 -0.00399402 -1.06357e-20)
(0.880461 -0.00441918 1.15268e-19)
(0.874107 -0.0050777 7.12109e-23)
(0.867159 -0.00541505 3.54309e-19)
(0.860097 -0.00536028 0)
(0.853435 -0.00491038 6.35876e-22)
(0.847635 -0.00414993 3.52358e-19)
(0.843015 -0.00316038 -3.94636e-19)
(0.839774 -0.00201651 -2.11927e-19)
(0.838034 -0.000792136 -1.09912e-19)
(0.837826 0.000442211 5.4558e-20)
(0.839138 0.00166607 4.24464e-22)
(0.841955 0.00282059 -8.08665e-19)
(0.846157 0.00379531 0)
(0.851486 0.00453131 6.38952e-19)
(0.857626 0.00500071 0)
(0.86425 0.00518711 -2.04978e-19)
(0.870986 0.0050433 -1.4493e-19)
(0.877377 0.00456416 0)
(0.882984 0.0038027 3.77069e-20)
(0.887433 0.00279996 -2.2125e-21)
(0.89044 0.00163716 0)
(0.891795 0.000369299 0)
(0.891469 -0.000889563 0)
(0.889393 -0.00222257 0)
(0.88566 -0.00335347 1.37647e-20)
(0.883299 -0.00352279 0)
(0.877035 -0.00405099 -1.17296e-19)
(0.870181 -0.0043186 1.78962e-19)
(0.86322 -0.00427608 2.06018e-22)
(0.856651 -0.00391853 -6.3917e-22)
(0.850926 -0.00331263 6.41442e-22)
(0.846361 -0.00252357 7.99913e-22)
(0.843156 -0.00161081 -8.01572e-22)
(0.841431 -0.000633118 0)
(0.841223 0.000353261 -5.54187e-20)
(0.842519 0.00133012 -2.04604e-22)
(0.845297 0.00225098 2.04363e-19)
(0.84944 0.00302891 0)
(0.854698 0.00361631 0)
(0.86076 0.00399066 -2.66184e-19)
(0.8673 0.0041385 -2.07311e-19)
(0.873949 0.00402345 -1.4695e-19)
(0.880259 0.0036412 1.26863e-22)
(0.885798 0.00303367 -1.26402e-22)
(0.890195 0.00223407 -2.64142e-23)
(0.893168 0.00130647 2.63702e-23)
(0.894509 0.000294694 0)
(0.894181 -0.000711006 0)
(0.892127 -0.00177252 0)
(0.888433 -0.00267693 -1.39112e-20)
(0.885623 -0.00257903 0)
(0.879432 -0.00296807 1.18172e-19)
(0.872655 -0.0031633 -2.97363e-22)
(0.865777 -0.00313284 4.1457e-22)
(0.859284 -0.0028719 0)
(0.853622 -0.00242851 1.78062e-19)
(0.849104 -0.00185063 1.97267e-19)
(0.845929 -0.00118177 1.07135e-19)
(0.844218 -0.000464906 2.67161e-20)
(0.84401 0.000258856 -4.27828e-22)
(0.845294 0.000974908 6.32731e-22)
(0.848042 0.00164948 2.03706e-19)
(0.852137 0.00221975 3.59119e-22)
(0.857337 0.00265037 -1.689e-22)
(0.863335 0.00292462 2.68172e-19)
(0.869807 0.00303241 0)
(0.876383 0.00294799 0)
(0.882627 0.00266804 -1.29502e-22)
(0.888109 0.00222285 1.70307e-22)
(0.892462 0.00163727 -4.11346e-23)
(0.895406 0.000957638 0)
(0.896736 0.000216267 0)
(0.896405 -0.000521723 0)
(0.894366 -0.00129787 0)
(0.890705 -0.00196229 0)
(0.887314 -0.00158857 -2.21316e-23)
(0.881176 -0.00182774 -5.96644e-20)
(0.874456 -0.00194607 -1.81218e-19)
(0.867639 -0.00192599 1.21999e-19)
(0.861204 -0.00176467 1.28428e-21)
(0.855589 -0.00149108 -1.79088e-19)
(0.851107 -0.00113487 -1.96874e-19)
(0.847956 -0.000722893 -1.08139e-19)
(0.846256 -0.00028152 -2.76254e-20)
(0.84605 0.0001642 4.27838e-22)
(0.847326 0.000604555 5.35761e-20)
(0.850053 0.00101881 0)
(0.854113 0.00136902 0)
(0.859271 0.00163316 0)
(0.865222 0.00180077 0)
(0.871642 0.00186554 1.04897e-19)
(0.878165 0.00181225 0)
(0.884359 0.001639 -1.31303e-22)
(0.889798 0.00136401 1.06876e-20)
(0.894118 0.00100312 2.27486e-23)
(0.897039 0.000584453 -3.13956e-21)
(0.898359 0.000128379 -5.86526e-22)
(0.898024 -0.000326557 0)
(0.895997 -0.000802447 0)
(0.892357 -0.00121196 0)
(0.88823 -0.000541101 0)
(0.882123 -0.000621589 4.35204e-20)
(0.875438 -0.0006606 -3.02585e-22)
(0.868658 -0.000652581 -8.89316e-20)
(0.862258 -0.000596889 -9.39789e-22)
(0.856672 -0.000503305 9.43864e-22)
(0.852212 -0.000381946 -1.17646e-21)
(0.849077 -0.000241932 1.17957e-21)
(0.847385 -9.21353e-05 0)
(0.847181 5.91219e-05 0)
(0.848452 0.000208489 -3.93928e-20)
(0.851167 0.000348793 -4.40357e-22)
(0.855207 0.000467163 1.39154e-22)
(0.86034 0.000556033 0)
(0.866263 0.00061202 3.42399e-22)
(0.872653 0.000632961 -7.67182e-20)
(0.879143 0.000613853 -4.28339e-22)
(0.885306 0.000554211 3.64189e-22)
(0.890719 0.000460159 -7.87096e-21)
(0.895017 0.000337308 0)
(0.897924 0.000194956 2.26428e-21)
(0.899236 4.02093e-05 4.26008e-22)
(0.898899 -0.000114431 0)
(0.896877 -0.000275356 0)
(0.893251 -0.000414356 0)
)
;

boundaryField
{
    rigidLid
    {
        type            slip;
    }
    bed
    {
        type            noSlip;
    }
    inlet
    {
        type            cyclic;
    }
    outlet
    {
        type            cyclic;
    }
    frontAndBack
    {
        type            empty;
    }
}


// ************************************************************************* //
